0.00000e+00,0.00000e+00,0.00000e+00
6.00000e+01,2.46596e-03,4.36050e+04
6.00000e+01,2.43568e-03,4.31480e+04
6.00000e+01,2.38490e-03,4.28260e+04
6.00000e+01,2.37823e-03,4.26930e+04
6.00000e+01,2.40755e-03,4.26930e+04
6.00000e+01,2.36273e-03,4.26930e+04
6.00000e+01,2.38037e-03,4.26930e+04
6.00000e+01,2.40064e-03,4.26930e+04
6.00000e+01,2.37584e-03,4.21080e+04
6.00000e+01,2.52652e-03,4.18440e+04
6.00000e+01,2.44117e-03,4.15800e+04
6.00000e+01,2.42829e-03,4.17120e+04
6.00000e+01,2.38395e-03,4.11340e+04
6.00000e+01,2.33126e-03,4.17120e+04
6.00000e+01,2.38276e-03,4.17120e+04
6.00000e+01,2.36607e-03,4.12650e+04
6.00000e+01,2.43998e-03,4.11340e+04
6.00000e+01,2.32482e-03,4.04300e+04
6.00000e+01,2.33698e-03,3.97320e+04
6.00000e+01,2.34818e-03,3.91680e+04
6.00000e+01,2.17009e-03,3.84810e+04
6.00000e+01,2.26140e-03,3.86080e+04
6.00000e+01,2.26450e-03,3.87350e+04
6.00000e+01,2.25377e-03,3.87350e+04
6.00000e+01,2.25496e-03,3.83040e+04
6.00000e+01,2.34413e-03,3.83040e+04
6.00000e+01,2.30575e-03,3.83040e+04
6.00000e+01,2.18368e-03,3.83040e+04
6.00000e+01,2.29096e-03,3.78750e+04
6.00000e+01,2.23947e-03,3.74480e+04
6.00000e+01,2.22421e-03,3.70230e+04
6.00000e+01,2.19536e-03,3.70230e+04
6.00000e+01,2.16675e-03,3.69000e+04
6.00000e+01,2.20299e-03,3.69000e+04
6.00000e+01,2.40755e-03,3.69000e+04
6.00000e+01,2.16198e-03,3.64780e+04
6.00000e+01,2.12169e-03,3.64780e+04
6.00000e+01,2.09284e-03,3.67770e+04
6.00000e+01,2.13504e-03,3.67770e+04
6.00000e+01,2.08235e-03,3.63560e+04
6.00000e+01,2.12264e-03,3.58160e+04
6.00000e+01,2.10285e-03,3.52800e+04
6.00000e+01,1.92451e-03,3.52800e+04
6.00000e+01,1.99246e-03,3.54000e+04
6.00000e+01,2.02489e-03,3.54000e+04
6.00000e+01,1.96099e-03,3.49860e+04
6.00000e+01,2.00057e-03,3.45740e+04
6.00000e+01,1.94788e-03,3.43380e+04
6.00000e+01,1.91474e-03,3.39300e+04
6.00000e+01,2.08449e-03,3.34080e+04
6.00000e+01,2.98381e-03,3.30050e+04
6.00000e+01,2.83742e-03,3.31200e+04
6.00000e+01,1.98483e-03,3.36400e+04
6.00000e+01,1.88589e-03,3.38720e+04
6.00000e+01,1.93095e-03,3.37560e+04
6.00000e+01,2.01154e-03,3.37560e+04
6.00000e+01,1.98746e-03,3.37560e+04
6.00000e+01,2.05517e-03,3.38720e+04
6.00000e+01,1.90425e-03,3.38720e+04
6.00000e+01,1.88065e-03,3.37560e+04
6.00000e+01,1.88041e-03,3.36400e+04
6.00000e+01,1.91450e-03,3.33500e+04
6.00000e+01,1.97744e-03,3.29460e+04
6.00000e+01,2.04349e-03,3.29460e+04
6.00000e+01,1.88422e-03,3.29460e+04
6.00000e+01,1.85752e-03,3.23180e+04
6.00000e+01,1.90759e-03,3.22050e+04
6.00000e+01,1.90878e-03,3.22050e+04
6.00000e+01,1.91212e-03,3.16960e+04
6.00000e+01,1.96743e-03,3.16960e+04
6.00000e+01,1.80984e-03,3.13020e+04
6.00000e+01,1.80817e-03,3.08000e+04
6.00000e+01,1.79887e-03,3.06900e+04
6.00000e+01,1.82199e-03,3.01930e+04
6.00000e+01,1.82414e-03,2.97000e+04
6.00000e+01,1.78981e-03,2.93180e+04
6.00000e+01,1.78313e-03,2.92110e+04
6.00000e+01,1.86253e-03,2.92110e+04
6.00000e+01,1.75524e-03,2.91040e+04
6.00000e+01,1.77264e-03,2.89970e+04
6.00000e+01,1.85370e-03,2.93760e+04
6.00000e+01,1.72520e-03,2.93760e+04
6.00000e+01,1.82605e-03,2.93760e+04
6.00000e+01,1.81198e-03,2.93760e+04
6.00000e+01,1.76525e-03,2.89970e+04
6.00000e+01,2.24566e-03,2.88900e+04
6.00000e+01,1.72210e-03,2.87830e+04
6.00000e+01,1.85061e-03,2.87830e+04
6.00000e+01,1.77240e-03,2.87830e+04
6.00000e+01,1.79386e-03,2.86760e+04
6.00000e+01,1.76144e-03,2.85690e+04
6.00000e+01,1.81007e-03,2.80900e+04
6.00000e+01,1.69563e-03,2.77200e+04
6.00000e+01,1.69206e-03,2.77200e+04
6.00000e+01,1.73092e-03,2.77200e+04
6.00000e+01,1.67227e-03,2.78250e+04
6.00000e+01,1.85275e-03,2.83020e+04
6.00000e+01,1.72639e-03,2.78250e+04
6.00000e+01,1.69754e-03,2.72480e+04
6.00000e+01,1.66750e-03,2.72480e+04
6.00000e+01,1.67322e-03,2.72480e+04
6.00000e+01,1.70016e-03,2.68830e+04
6.00000e+01,1.78456e-03,2.65200e+04
6.00000e+01,1.72997e-03,2.60580e+04
6.00000e+01,1.58548e-03,2.60580e+04
6.00000e+01,1.78838e-03,2.60580e+04
6.00000e+01,1.66011e-03,2.58000e+04
6.00000e+01,1.62745e-03,2.58000e+04
6.00000e+01,1.66154e-03,2.58000e+04
6.00000e+01,1.67465e-03,2.60000e+04
6.00000e+01,1.71423e-03,2.60000e+04
6.00000e+01,1.72758e-03,2.65630e+04
6.00000e+01,1.69015e-03,2.65630e+04
6.00000e+01,1.68657e-03,2.64620e+04
6.00000e+01,1.74069e-03,2.65630e+04
6.00000e+01,1.77121e-03,2.68260e+04
6.00000e+01,1.75405e-03,2.72950e+04
6.00000e+01,1.73903e-03,2.76640e+04
6.00000e+01,1.73068e-03,2.74560e+04
6.00000e+01,1.69325e-03,2.74560e+04
6.00000e+01,1.67775e-03,2.73520e+04
6.00000e+01,1.71232e-03,2.73520e+04
6.00000e+01,1.79887e-03,2.73520e+04
6.00000e+01,1.70231e-03,2.74560e+04
6.00000e+01,1.66893e-03,2.74560e+04
6.00000e+01,1.71614e-03,2.70890e+04
6.00000e+01,1.77073e-03,2.75600e+04
6.00000e+01,2.10738e-03,2.74560e+04
6.00000e+01,1.68300e-03,2.72480e+04
6.00000e+01,1.67751e-03,2.73520e+04
6.00000e+01,1.73593e-03,2.70890e+04
6.00000e+01,1.68705e-03,2.68830e+04
6.00000e+01,1.71638e-03,2.71440e+04
6.00000e+01,1.64509e-03,2.71440e+04
6.00000e+01,1.64676e-03,2.70400e+04
6.00000e+01,1.66440e-03,2.65740e+04
6.00000e+01,1.66869e-03,2.69360e+04
6.00000e+01,1.71399e-03,2.73000e+04
6.00000e+01,1.75595e-03,2.77720e+04
6.00000e+01,1.72949e-03,2.81410e+04
6.00000e+01,1.71447e-03,2.75600e+04
6.00000e+01,1.77741e-03,2.74540e+04
6.00000e+01,1.75166e-03,2.69850e+04
6.00000e+01,1.71828e-03,2.68800e+04
6.00000e+01,2.47145e-03,2.67750e+04
6.00000e+01,1.68324e-03,2.67750e+04
6.00000e+01,1.66464e-03,2.67750e+04
6.00000e+01,1.70064e-03,2.67750e+04
6.00000e+01,1.71638e-03,2.66700e+04
6.00000e+01,1.68037e-03,2.66700e+04
6.00000e+01,1.70159e-03,2.65650e+04
6.00000e+01,1.68943e-03,2.66700e+04
6.00000e+01,2.35915e-03,2.66700e+04
6.00000e+01,1.75929e-03,2.69240e+04
6.00000e+01,1.71709e-03,2.68180e+04
6.00000e+01,1.75548e-03,2.68180e+04
6.00000e+01,1.72114e-03,2.68180e+04
6.00000e+01,1.68157e-03,2.67120e+04
6.00000e+01,1.65367e-03,2.66060e+04
6.00000e+01,1.73163e-03,2.68570e+04
6.00000e+01,1.93834e-03,2.65000e+04
6.00000e+01,2.32673e-03,2.61450e+04
6.00000e+01,1.64104e-03,2.61450e+04
6.00000e+01,1.63388e-03,2.56880e+04
6.00000e+01,1.58143e-03,2.55840e+04
6.00000e+01,1.64390e-03,2.52350e+04
6.00000e+01,1.60384e-03,2.47860e+04
6.00000e+01,1.61839e-03,2.52350e+04
6.00000e+01,1.66655e-03,2.44420e+04
6.00000e+01,1.65296e-03,2.47860e+04
6.00000e+01,1.70302e-03,2.47860e+04
6.00000e+01,1.65272e-03,2.46840e+04
6.00000e+01,1.61719e-03,2.45820e+04
6.00000e+01,1.65033e-03,2.45820e+04
6.00000e+01,1.69325e-03,2.44800e+04
6.00000e+01,1.62864e-03,2.44800e+04
6.00000e+01,1.62387e-03,2.43780e+04
6.00000e+01,1.64294e-03,2.41390e+04
6.00000e+01,1.63150e-03,2.40380e+04
6.00000e+01,1.65129e-03,2.40380e+04
6.00000e+01,1.61934e-03,2.40380e+04
6.00000e+01,1.58262e-03,2.41390e+04
6.00000e+01,1.62721e-03,2.45820e+04
6.00000e+01,2.23327e-03,2.46840e+04
6.00000e+01,1.58858e-03,2.46840e+04
6.00000e+01,1.58978e-03,2.50290e+04
6.00000e+01,1.62268e-03,2.45820e+04
6.00000e+01,1.61695e-03,2.45820e+04
6.00000e+01,1.57070e-03,2.48230e+04
6.00000e+01,1.54352e-03,2.45820e+04
6.00000e+01,1.64413e-03,2.42400e+04
6.00000e+01,1.59168e-03,2.42400e+04
6.00000e+01,1.60241e-03,2.41390e+04
6.00000e+01,1.63341e-03,2.41390e+04
6.00000e+01,1.60789e-03,2.40380e+04
6.00000e+01,1.55377e-03,2.41390e+04
6.00000e+01,1.57666e-03,2.46840e+04
6.00000e+01,1.61934e-03,2.46840e+04
6.00000e+01,1.71328e-03,2.42400e+04
6.00000e+01,1.63341e-03,2.43410e+04
6.00000e+01,1.64390e-03,2.39000e+04
6.00000e+01,1.58978e-03,2.39000e+04
6.00000e+01,1.60694e-03,2.35620e+04
6.00000e+01,1.65176e-03,2.35620e+04
6.00000e+01,1.74236e-03,2.35620e+04
6.00000e+01,1.59359e-03,2.36610e+04
6.00000e+01,1.59431e-03,2.33240e+04
6.00000e+01,1.66917e-03,2.29890e+04
6.00000e+01,1.56760e-03,2.33240e+04
6.00000e+01,1.58381e-03,2.30860e+04
6.00000e+01,2.72417e-03,2.30860e+04
6.00000e+01,1.63484e-03,2.29890e+04
6.00000e+01,1.53971e-03,2.29890e+04
6.00000e+01,1.55425e-03,2.25600e+04
6.00000e+01,1.50251e-03,2.21350e+04
6.00000e+01,1.52302e-03,2.22300e+04
6.00000e+01,1.51443e-03,2.18080e+04
6.00000e+01,1.46103e-03,2.13900e+04
6.00000e+01,1.52469e-03,2.12040e+04
6.00000e+01,1.53279e-03,2.12040e+04
6.00000e+01,1.51014e-03,2.12040e+04
6.00000e+01,1.50228e-03,2.12970e+04
6.00000e+01,1.51086e-03,2.12970e+04
6.00000e+01,1.49512e-03,2.12040e+04
6.00000e+01,1.52898e-03,2.12040e+04
6.00000e+01,1.60789e-03,2.12970e+04
6.00000e+01,1.57571e-03,2.12970e+04
6.00000e+01,1.51277e-03,2.13900e+04
6.00000e+01,1.56069e-03,2.14830e+04
6.00000e+01,1.59073e-03,2.13900e+04
6.00000e+01,1.60003e-03,2.13900e+04
6.00000e+01,1.52850e-03,2.15760e+04
6.00000e+01,1.54829e-03,2.14830e+04
6.00000e+01,1.43433e-03,2.14830e+04
6.00000e+01,1.55640e-03,2.14830e+04
6.00000e+01,1.54018e-03,2.14830e+04
6.00000e+01,1.57642e-03,2.13900e+04
6.00000e+01,1.55187e-03,2.12970e+04
6.00000e+01,1.60742e-03,2.12040e+04
6.00000e+01,1.50561e-03,2.12040e+04
6.00000e+01,1.54352e-03,2.11110e+04
6.00000e+01,1.55091e-03,2.11110e+04
6.00000e+01,1.58286e-03,2.11110e+04
6.00000e+01,1.55091e-03,2.14320e+04
6.00000e+01,1.48964e-03,2.16200e+04
6.00000e+01,1.50800e-03,2.16200e+04
6.00000e+01,1.42813e-03,2.16200e+04
6.00000e+01,1.45769e-03,2.16200e+04
6.00000e+01,1.42002e-03,2.13900e+04
6.00000e+01,1.48797e-03,2.09760e+04
6.00000e+01,1.48416e-03,2.05660e+04
6.00000e+01,1.47629e-03,2.05660e+04
6.00000e+01,1.48630e-03,2.04750e+04
6.00000e+01,1.50323e-03,2.05660e+04
6.00000e+01,1.53327e-03,2.05660e+04
6.00000e+01,1.54376e-03,2.06570e+04
6.00000e+01,1.56593e-03,2.08840e+04
6.00000e+01,1.54996e-03,2.08840e+04
6.00000e+01,1.65105e-03,2.12040e+04
6.00000e+01,1.60170e-03,2.12040e+04
6.00000e+01,1.49107e-03,2.12040e+04
6.00000e+01,1.60003e-03,2.12040e+04
6.00000e+01,1.54638e-03,2.11110e+04
6.00000e+01,1.55044e-03,2.07920e+04
6.00000e+01,1.51443e-03,2.07920e+04
6.00000e+01,1.51038e-03,2.07920e+04
6.00000e+01,1.52802e-03,2.07920e+04
6.00000e+01,1.51658e-03,2.09760e+04
6.00000e+01,1.61862e-03,2.12970e+04
6.00000e+01,1.52993e-03,2.09760e+04
6.00000e+01,1.56283e-03,2.12970e+04
6.00000e+01,1.51706e-03,2.12970e+04
6.00000e+01,1.52564e-03,2.13900e+04
6.00000e+01,1.49918e-03,2.12970e+04
6.00000e+01,1.45674e-03,2.12970e+04
6.00000e+01,1.44744e-03,2.08840e+04
6.00000e+01,1.43528e-03,2.08840e+04
6.00000e+01,1.48416e-03,2.08840e+04
6.00000e+01,1.57499e-03,2.07920e+04
6.00000e+01,1.49202e-03,2.11110e+04
6.00000e+01,1.51396e-03,2.12040e+04
6.00000e+01,1.52802e-03,2.08840e+04
6.00000e+01,1.56522e-03,2.09760e+04
6.00000e+01,1.58405e-03,2.18080e+04
6.00000e+01,1.60527e-03,2.19960e+04
6.00000e+01,1.80554e-03,2.19960e+04
6.00000e+01,1.58906e-03,2.20900e+04
6.00000e+01,1.58381e-03,2.19960e+04
6.00000e+01,1.67894e-03,2.19960e+04
6.00000e+01,1.60360e-03,2.19960e+04
6.00000e+01,1.62029e-03,2.19960e+04
6.00000e+01,1.57952e-03,2.19020e+04
6.00000e+01,1.54972e-03,2.19020e+04
6.00000e+01,1.63579e-03,2.14830e+04
6.00000e+01,1.59788e-03,2.14830e+04
6.00000e+01,1.55807e-03,2.15760e+04
6.00000e+01,1.53732e-03,2.13440e+04
6.00000e+01,1.57952e-03,2.15280e+04
6.00000e+01,1.58215e-03,2.15280e+04
0.00000e+00,0.00000e+00,0.00000e+00
0.00000e+00,0.00000e+00,0.00000e+00
0.00000e+00,0.00000e+00,0.00000e+00
0.00000e+00,0.00000e+00,0.00000e+00
0.00000e+00,0.00000e+00,0.00000e+00
0.00000e+00,0.00000e+00,0.00000e+00
0.00000e+00,0.00000e+00,0.00000e+00
0.00000e+00,0.00000e+00,0.00000e+00
0.00000e+00,0.00000e+00,0.00000e+00
0.00000e+00,0.00000e+00,0.00000e+00
0.00000e+00,0.00000e+00,0.00000e+00
0.00000e+00,0.00000e+00,0.00000e+00
0.00000e+00,0.00000e+00,0.00000e+00
0.00000e+00,0.00000e+00,0.00000e+00
